0.7523716517857143
0.9027242288961039
0.9290533685064936
0.938273640422078
0.9424398843344156
0.9458641943993507
0.947652445211039
0.9496372767857143
0.9510260247564936
0.9524972098214286
0.9542410714285714
0.9556361607142857
0.9570502739448052
0.9576590401785714
0.9591555905032467
0.960354099025974
0.9611594460227273
0.9618886972402597
0.9629984273538961
0.9640827922077922
0.9647232650162337
0.9648564326298701
0.9649261870941559
0.9653193486201299
0.965338372564935
0.9653827617694806
0.9656427556818182
0.9660739650974026
0.9663276176948052
0.9662705458603896
0.9664417613636364
0.9667271205357143
0.9667271205357143
0.9665241984577922
0.9668666294642857
0.9670505275974026
0.9672154017857143
0.9674436891233766
0.9672027191558441
0.967082234172078
0.9673295454545454
0.9676339285714286
0.9673105215097403
0.967190036525974
0.967475395698052
0.9672344257305194
0.9676022219967533
0.9676592938311688
0.9676466112012987
0.967868557224026
0.9677227069805194
0.9675388088474026
0.9678558745941559
0.9680144074675324
0.9677861201298701
0.9677861201298701
0.967779778814935
0.9676846590909091
0.9677988027597403
0.9678051440746753
0.9681475750811688
0.9677988027597403
0.9680334314123377
0.9676846590909091
0.9680270900974026
0.9681031858766234
0.9680461140422078
0.9680270900974026
0.9681475750811688
0.9678558745941559
0.9676275872564936
0.9682870840097403
0.9680270900974026
0.9679509943181818
0.968166599025974
0.9678114853896104
0.9677353896103896
0.967970018262987
0.9680017248376623
0.968166599025974
0.9681475750811688
0.9681348924512987
0.9679129464285714
0.968458299512987
0.9681919642857143
0.9682426948051948
0.9681348924512987
0.9679256290584416
0.968071479301948
0.9682807426948052
0.9684075689935064
0.9682934253246753
0.9679953835227273
0.9682490361201299
0.96826171875
0.9681222098214286
0.968166599025974
0.968058796672078
0.9681285511363636
0.9682490361201299
0.79024497651357
0.9247781837160751
0.9442849686847599
0.9553757828810021
0.9615409707724426
0.9650476252609603
0.9675308259394572
0.9701934368475992
0.9720690892484343
0.9734799060542797
0.9749070328810021
0.9761262069415448
0.9771211182150313
0.9779855493215032
0.978911143006263
0.9797266440501043
0.9802852622651357
0.9808275704592901
0.9812516310020877
0.9818265592379958
0.9822954723382046
0.9824871150835073
0.9825972077244259
0.9827521529227558
0.9829274856471816
0.9830008807411273
0.9831558259394572
0.9833760112212944
0.9835554214509394
0.9834697938413361
0.9834616388308977
0.9838408468162839
0.9837185216597077
0.9839020093945721
0.9838571568371608
0.9840447220772442
0.984375
0.9840814196242171
0.9845095576722338
0.9840936521398748
0.984334224947808
0.9842322873173278
0.9843056824112735
0.9844891701461378
0.9842445198329853
0.9843301474425887
0.9845544102296451
0.9843260699373695
0.9845747977557411
0.9845544102296451
0.9844483950939458
0.9845381002087683
0.9846196503131524
0.9844973251565762
0.9846767353862212
0.9846074177974948
0.9846400378392485
0.9845584877348643
0.984750130480167
0.9846563478601252
0.9845584877348643
0.9846848903966597
0.9846808128914405
0.9846848903966597
0.9846645028705637
0.9847338204592901
0.9846441153444676
0.9846889679018789
0.9846889679018789
0.9847664405010439
0.9846971229123174
0.98463188282881
0.9849499282359081
0.9846563478601252
0.9846767353862212
0.9847990605427975
0.9848765331419624
0.984709355427975
0.9848520681106472
0.9846767353862212
0.9846481928496869
0.9847582854906054
0.9847256654488518
0.9848439131002088
0.9848520681106472
0.984925463204593
0.9847338204592901
0.9848357580897703
0.9850885634133612
0.9848602231210856
0.9848194480688935
0.9848439131002088
0.9848276030793319
0.9849703157620042
0.9849703157620042
0.9850681758872651
0.984966238256785
0.9850885634133612
0.9848235255741128
0.9848683781315241
0.6599489350558659
0.8706572974860335
0.8953223201815642
0.9079248865223464
0.9167521386173184
0.9233152932960894
0.9288255062849162
0.9326717440642458
0.9362179207402235
0.9387329783519553
0.9413844273743017
0.9440031424581006
0.9454707140363129
0.9472710806564246
0.9487877531424581
0.9502116794692738
0.9510900401536313
0.9524812325418994
0.9537469448324022
0.9541342964385475
0.9553181738826816
0.9557328037709497
0.956016497905028
0.956496595670391
0.9563874825418994
0.956627531424581
0.95703125
0.9573203997905028
0.9574076902932961
0.9575713599860335
0.9578550541201117
0.9578495984636871
0.958176937849162
0.9586406686452514
0.9587825157122905
0.9589079958100558
0.9589352740921788
0.9591371333798883
0.9590443872206704
0.9592735247905028
0.9594208275139665
0.9590825768156425
0.9592298795391061
0.9594153718575419
0.9592680691340782
0.9594699284217877
0.9595081180167597
0.9595626745810056
0.9598791026536313
0.9596117754888268
0.9599009252793296
0.9596281424581006
0.9599445705307262
0.9598081791201117
0.9597208886173184
0.9599718488128491
0.9599882157821229
0.9598572800279329
0.9599609375
0.9599336592178771
0.9599773044692738
0.9599663931564246
0.959726344273743
0.9599554818435754
0.9601355185055865
0.9600264053770949
0.9601900750698324
0.9601355185055865
0.9601627967877095
0.9603428334497207
0.9603482891061452
0.9600755062849162
0.9599882157821229
0.9600045827513967
0.9603537447625698
0.9602118976955307
0.9602009863826816
0.9602664542597765
0.9603046438547486
0.9600209497206704
0.9603537447625698
0.960299188198324
0.9601518854748603
0.9601682524441341
0.9601409741620112
0.9602118976955307
0.9601900750698324
0.9603537447625698
0.9604792248603352
0.960402845670391
0.9601682524441341
0.9603973900139665
0.9606538058659218
0.9604083013268156
0.9604355796089385
0.9603482891061452
0.9605174144553073
0.9607192737430168
0.9603319221368715
0.9603046438547486
0.6630476409313726
0.8794041053921569
0.9280215992647058
0.9421211192810458
0.9490591809640523
0.9538271037581699
0.9572227328431373
0.9596354166666666
0.9617927900326797
0.9639948427287581
0.9653735191993464
0.9668862336601307
0.9685329861111112
0.9698286866830066
0.9705754697712419
0.9714818218954249
0.9720626531862745
0.9730838950163399
0.9740093954248366
0.9744178921568627
0.9749093647875817
0.9754072201797386
0.9753880718954249
0.9760582618464052
0.9760518790849673
0.9761859170751634
0.9761284722222222
0.9765816482843137
0.9763199550653595
0.9765625
0.9767412173202614
0.9770348243464052
0.976913551879085
0.9770156760620915
0.9772709865196079
0.977392258986928
0.9773092830882353
0.9772773692810458
0.9773220486111112
0.9776603349673203
0.9775390625
0.9775965073529411
0.9774943831699346
0.9776156556372549
0.9777560763888888
0.9779411764705882
0.9777943729575164
0.9777879901960784
0.977819904003268
0.9778390522875817
0.977819904003268
0.9779284109477124
0.977890114379085
0.9780943627450981
0.9779028799019608
0.9778454350490197
0.9778454350490197
0.9780433006535948
0.9781262765522876
0.9779411764705882
0.9780369178921569
0.9779220281862745
0.9778071384803921
0.9778964971405228
0.9779794730392157
0.9779411764705882
0.9780177696078431
0.9778645833333334
0.9780496834150327
0.9779922385620915
0.9780113868464052
0.9780305351307189
0.978164573120915
0.978304993872549
0.9778964971405228
0.9780369178921569
0.9781198937908496
0.9778326695261438
0.9781837214052288
0.9781454248366013
0.9782794628267973
0.9780943627450981
0.977749693627451
0.9782603145424836
0.9782220179738562
0.9780943627450981
0.9781518075980392
0.9782092524509803
0.9785220077614379
0.9782028696895425
0.9779667075163399
0.9783241421568627
0.9782411662581699
0.9782858455882353
0.978445414624183
0.9783113766339869
0.978304993872549
0.9781837214052288
0.9781007455065359
0.978368821486928
0.5883682657384988
0.8828976240920097
0.9432506053268765
0.9622947563559322
0.9707267705811138
0.9756923426150121
0.9788135593220338
0.9806768311138014
0.9821854191888619
0.9832352829903148
0.9838737136803875
0.9846209140435835
0.9852451573849879
0.9858410260290557
0.9862430009079903
0.9866733504842615
0.9872077406174334
0.9872171988498789
0.9877326725181598
0.9880211486077481
0.98828125
0.9884231234866828
0.9885839134382567
0.9886217463680388
0.9886879539951574
0.9888818477602905
0.9888723895278451
0.9887494325060533
0.9890142630145279
0.9890520959443099
0.9890000756658596
0.9890237212469734
0.9891183035714286
0.9890568250605327
0.9891939694309927
0.9893121973365617
0.9894871746368039
0.9894398834745762
0.9893405720338984
0.9892176150121066
0.9894209670096852
0.9894635290556901
0.9894919037530266
0.989307468220339
0.9894587999394673
0.9894777164043583
0.9896905266343826
0.9894871746368039
0.989681068401937
0.9894729872881356
0.9894682581719129
0.9896148607748184
0.9896243190072639
0.9897094430992736
0.9894919037530266
0.9896054025423728
0.9895486531476998
0.9895250075665859
0.9897141722154964
0.9896526937046005
0.9896999848668281
0.9896148607748184
0.9895344657990315
0.9896432354721549
0.9896999848668281
0.9896337772397095
0.9895297366828087
0.9896148607748184
0.9896574228208233
0.9897567342615012
0.9898560457021792
0.9896195898910412
0.9895581113801453
0.9898465874697336
0.9897425469128329
0.9896952557506054
0.989562840496368
0.9896479645883777
0.9898749621670703
0.9898655039346247
0.9896905266343826
0.9898182127723971
0.9897330886803875
0.9896479645883777
0.9897992963075061
0.9897141722154964
0.9897047139830508
0.9896952557506054
0.9898040254237288
0.9897047139830508
0.9898986077481841
0.9899222533292978
0.989761463377724
0.9899222533292978
0.9896952557506054
0.9897094430992736
0.9897330886803875
0.9897520051452785
0.9896006734261501
0.9898134836561744
