0.954969941989168
0.6462362889539112
0.492188053907125
0.3929821125582441
0.32659212083785566
0.2808800470325854
0.24866950548217667
0.22427235275216692
0.20519970454178849
0.18986655945901748
0.17751185615341386
0.16712703749343946
0.15817285346036608
0.15046463181059083
0.14379425345641839
0.13756683679273377
0.13238341652776126
0.12746110519805512
0.12339846858778944
0.11932771478767519
0.11562642954628576
0.11357220675941411
0.11263876199093345
0.11161223459117986
0.11098316129200257
0.1101711651479656
0.10942929306418284
0.108409062862493
0.10748373070586618
0.10668181309887728
0.10609604056029544
0.10524410440574412
0.10475531250069087
0.10406402949630827
0.1032263563897509
0.10274344192237242
0.1021566413609045
0.10177548630042123
0.10207849083008705
0.10161858292707762
0.10153302394289088
0.10123047245327722
0.100977940865877
0.10092038574761578
0.10064600600994059
0.1006369414896547
0.10026245835152539
0.10013522262769667
0.09990072944020102
0.0996220425775202
0.09958883461409382
0.09937881652338358
0.09944422530349005
0.09922040848351725
0.09936272125546035
0.09902435705041537
0.09922279247578669
0.09929705454133354
0.0990042868251731
0.0989007501221903
0.0986841726963493
0.09902728278818843
0.09867818250816751
0.0988495971148761
0.09879472204665472
0.09850730984653165
0.09847585025981262
0.09844021903737993
0.09842419511844198
0.0983291095509738
0.09857014543074485
0.0980344726945963
0.09847191668587266
0.09829282439495256
0.0981139684362071
0.09829588146735128
0.09813248164129335
0.09808178799976776
0.0980265135574457
0.09778898236547391
0.0980565779927102
0.09789994625713337
0.09784062957850756
0.09748962092781802
0.09766144213544858
0.09774847632249842
0.09748291917290393
0.09754246537416399
0.09763647228866429
0.09766870929992624
0.09725660806545963
0.09745078472202862
0.09736762649391766
0.09725309385881796
0.0971235137360243
0.09713868889352911
0.09702975902851525
0.09726454600595034
0.096839461015997
0.09698804714656495
1.0279492108707389
0.5779427066289806
0.3900263824330989
0.28767728786876656
0.22746172709106652
0.18992982751890114
0.1641174967562107
0.1458250267007281
0.1317121188519892
0.12050086221733522
0.1116960960632824
0.10415669770946333
0.09789106086098699
0.09264854353800074
0.0880600357960933
0.08392583101303443
0.08048008483813178
0.07741093389021081
0.07447047166464099
0.07212398937730301
0.06976121170971239
0.06823178504774491
0.0677269150256053
0.06727656867697306
0.0664327264586483
0.06594821448109282
0.06547556627184029
0.064778129105497
0.06430700781029923
0.06384091117732335
0.06340409777591896
0.06280702504957394
0.06235034934911947
0.06192689023849735
0.061409263286374055
0.06094741539947984
0.060721660202023006
0.060635622495509266
0.06046844704858259
0.060367505326633784
0.06030598817692607
0.060077843695707886
0.06000607693859518
0.05971640126589133
0.05965480083766897
0.05957926244772426
0.059422529277261465
0.05929674740709629
0.059174075073296195
0.0592110127070627
0.05900905708858203
0.058912090531361753
0.05872080704908904
0.05886343023341172
0.05872136099159033
0.05861903962704483
0.05864861021732177
0.058650289870223075
0.058537030765604
0.05855690298450329
0.05863499857819715
0.0584915544689946
0.05855180955606674
0.058462039553920014
0.058378038432114684
0.05837943248785177
0.058265054629559554
0.05833154190370583
0.058143230201773706
0.058206708079091195
0.05818390576577199
0.05817047076101468
0.05810419915706728
0.05820556525685407
0.05808914449097033
0.0579757393184186
0.05789684686646456
0.05794758763210945
0.05792277587853792
0.05796750660573515
0.057927652608237706
0.057908634970155165
0.05784482470594953
0.05764792510940225
0.05772318371954629
0.057664889122878586
0.05761288710731803
0.057609084097275776
0.0574861550450885
0.057560940731962315
0.057576470638942244
0.05752488051488654
0.057522480889361564
0.05737572678001228
0.057293378195816765
0.057326356398178915
0.05727508399316687
0.05726883320102861
0.057144804297711134
0.05724634200972281
1.1922396060974239
0.7202096584788914
0.5244819213891162
0.42451329962168327
0.3630544230674898
0.32085391183971695
0.29004014506103604
0.2662153315610726
0.24727537967889002
0.23183025748536573
0.2186934775854955
0.2075529697262708
0.19818739472321292
0.18966353349595763
0.1824662232115948
0.17568284558267566
0.16972514706034234
0.16443554805227498
0.1594734656099001
0.1552083223496236
0.15117979272367568
0.14872233449954894
0.14756596262186933
0.14653158529177723
0.14527777489795032
0.14451048724020327
0.1434480150610042
0.14246151759679423
0.1418074960482187
0.14069442081592937
0.13951958453688543
0.13891700615679753
0.13787743747858694
0.13724918833116911
0.13624410842175924
0.13526283273234047
0.13493668982061927
0.13461190676472706
0.1345467516039004
0.1341444863495547
0.13395172561513646
0.13386511729832468
0.13336904934872795
0.13329747696953445
0.13300790059166914
0.13293014483411886
0.13227914052094494
0.13225911100858084
0.1321921918603628
0.1319586969079585
0.13165978586831906
0.13160139046526154
0.13132889151531557
0.13145539168705486
0.13135143163400656
0.1312382441305415
0.13131744005618481
0.1311755633116934
0.131146290823401
0.13077056338209347
0.1311650468900217
0.13079406822089876
0.13082090578973293
0.13101109632358537
0.13070685797313739
0.1308344276673967
0.13036871585974147
0.13039565240371162
0.13042699745413977
0.13032639149430744
0.13037606182003486
0.1300135338106635
0.1301553311065755
0.13020807427650724
0.12990299229348837
0.13032334041911797
0.12992579870800067
0.12986084116445906
0.1297505685549708
0.12968617789551365
0.12944334696499663
0.12934493459761143
0.12970239050977722
0.12935262429397865
0.12957253753514597
0.12942712368995118
0.12933980589264266
0.1290814950645969
0.12910527215656623
0.12883888921237358
0.12883763605281295
0.12935050010847646
0.12879077240033857
0.1285900043001055
0.12908085072465117
0.12881364144759472
0.1286010295360781
0.12833953215922722
0.12874028497692927
0.12867667651917347
1.0289887851165012
0.6618630130306568
0.49144942147864235
0.38436408866854277
0.310887235344625
0.259775802298309
0.22366137921907545
0.19720273720575313
0.1770411458329048
0.16094236830675523
0.14798052860971758
0.13739402840534845
0.1282658811682969
0.12087330679877911
0.11441267226987026
0.10861463080239452
0.10388419436887393
0.09931554076158339
0.09544413044342613
0.0920284362448976
0.0887684944189257
0.08668120759326259
0.0860927459461237
0.08510238681524213
0.08426477749728495
0.08353805840867602
0.08275269120444659
0.08201401255221344
0.0813215059514334
0.08074216612194683
0.07985609906171662
0.07921301148637058
0.0787457084782373
0.07820571640055943
0.07742671995405473
0.07663729371734304
0.07647718186642415
0.07648952525060355
0.07605282312222555
0.07608799293052916
0.07583245399462826
0.07543986882965743
0.07548280754826622
0.07526464072463948
0.0749804114837662
0.07483195777057237
0.07479918472395808
0.0745617824490943
0.07431033103318971
0.07419597344119953
0.07416855673506564
0.07391700446849166
0.07389323325109443
0.07376750212868834
0.07381330993562157
0.07372128682856272
0.07363367539045274
0.07374063868294745
0.07358977271645677
0.07364735108940235
0.0735239651224582
0.07342628575252746
0.07362476988920784
0.07323772682400506
0.07332551885956252
0.07334361204670535
0.07331760438901731
0.0733531981925754
0.07299291477021244
0.07298372368163922
0.07295689759228159
0.07293405014948517
0.07292623385129605
0.0729126241849431
0.07306604566405607
0.07271143728319336
0.0726785619797952
0.07264052300403516
0.07279028012447693
0.07262654744356481
0.07255303261959864
0.07250517922045749
0.0725999426437554
0.07238076188376331
0.07234769657838579
0.07237533991852033
0.07235062684182053
0.07228814964517465
0.07226786679691738
0.07233015963430303
0.07233306777121778
0.07225228523458141
0.07223094907875349
0.07188424288471734
0.0719666755606049
0.0720843267109659
0.07194534796929243
0.0718002843676634
0.0718775047171934
0.07182704538009525
1.1427063678569425
0.738003135593405
0.49556319924301445
0.3497518873965192
0.2637343165300083
0.20965431809208873
0.17407656365387664
0.14908427480815686
0.13063803859073084
0.11675373123863995
0.1056419827639335
0.09688338867814864
0.08936519007994534
0.08323910484681263
0.07817840419222598
0.0736297444636611
0.06975010159644174
0.0666034008324435
0.06350699266459404
0.06096361277593394
0.05870409883991714
0.057231311625451496
0.05652864059753553
0.05614440273448428
0.055601914429058465
0.054924619541961255
0.05441175602809425
0.05402081936922547
0.05342601624161871
0.053019253676869965
0.05243928561812452
0.052098150358289554
0.0516611883669334
0.051127701961676666
0.05069347546992882
0.05015963570555316
0.04986460743241968
0.04989906813561484
0.04978401173068522
0.04971088270586859
0.049557539796767885
0.04926343860902956
0.04917988083246401
0.04915098283106132
0.04891528466098534
0.0488686452441585
0.04879412961983941
0.04867321332650525
0.04849090912665712
0.04858181330873732
0.048325597761834795
0.04828334587556254
0.04824698167756092
0.04807193605251809
0.04827102702381608
0.0481605384787477
0.04814102370562551
0.04813960867034177
0.04793424512198777
0.04809022911307887
0.047921962950369636
0.048024454508112074
0.047862892007549944
0.047883720849764694
0.047887356304642505
0.0479546049451929
0.04786330908897714
0.04790559665189456
0.047725516865277984
0.04769576555140515
0.04753173895396707
0.0477140561246807
0.047677863409548785
0.04739564030992711
0.04758931135817388
0.0475509257662419
0.04756237516184191
0.047420715290791476
0.04738985665016255
0.04728632771633295
0.04725595406475353
0.04732906103098075
0.047318577189133765
0.04732836723850801
0.04726179941956486
0.047132222868105256
0.0472277288954281
0.047228399968591066
0.04711781634067436
0.04713084390634991
0.0470006196865627
0.04705979345821872
0.04704370855220726
0.04691400889027638
0.04694306288257277
0.0470053827791468
0.04688439370058567
0.04684264535088877
0.04683615801039605
0.046747458356795675
