0.7386262611403984
0.45581367503793746
0.3658492983622872
0.32338015341388127
0.29900881794759027
0.27636378563438674
0.2632090527313361
0.24981518645669512
0.23980936523855043
0.22897720313751635
0.2224539457361933
0.2142593737865359
0.20876766463326665
0.20083528463704597
0.19607506978079445
0.19391326274278867
0.1889917126282509
0.1835886490159702
0.17814048622865133
0.176698579998214
0.1739152063051036
0.15958466222557996
0.15450864763920788
0.15313560565827425
0.15100994300811402
0.15067283106591417
0.14915544547410828
0.14961920968145903
0.1480869412267764
0.14562405946958867
0.14455397847866147
0.1425017783601667
0.14176820068007306
0.13980829904888578
0.13859739177739683
0.1358706769702348
0.13753052453457382
0.13516670079428916
0.13365026057693008
0.1331304621742797
0.13145469642519333
0.12474640231058387
0.12137925065088766
0.12161545729544496
0.12178497190148102
0.11984542919409708
0.12046825982282816
0.11939610594912514
0.11794430797273013
0.11812815880837219
0.1165065392465789
0.11720434576272964
0.11482695374309708
0.11666051935346633
0.1148997471894625
0.11468017128310673
0.1143336135874758
0.11382372777696718
0.11450328658590662
0.11245158816557474
0.11191738277210472
0.10890282574712921
0.10679336448098711
0.1075338729382179
0.10583206683088461
0.10579297830558194
0.10660042887833451
0.10527535226833018
0.10453216086860766
0.10551938464758927
0.10494084154385977
0.10412945320414756
0.1049419368564156
0.10471239597222966
0.104138833407911
0.10421894988711017
0.10373271526913569
0.10279016019149148
0.10337338359167539
0.10351489105990513
0.10104599297818742
0.10008767131387879
0.09950281780000796
0.09924286418628199
0.09914355709608355
0.0988973629675381
0.09965004200608002
0.09871461709546302
0.09855580897374475
0.09864319494196788
0.09755810801846994
0.09777443130244863
0.09824652915791526
0.09786230140399439
0.09724244838242704
0.09827039321315104
0.09725934031559395
0.0964034823942061
0.09667621174624547
0.09757583727336301
0.0969819512237539
0.09620216805391361
0.09749283871270832
0.0965927833488568
0.09587558700553493
0.09588084894912849
0.09660370034102948
0.0969717531933068
0.09652045419333512
0.09589944841639365
0.09541646898796521
0.09593084886901737
0.09489102742678143
0.09646888733527821
0.0958701853539042
0.0947091089937971
0.09482165059277431
0.09435571830507387
0.09415069720442432
0.09462186504985384
0.09425900583131326
0.0933647298982724
0.0937529507001447
0.09346918838938283
0.09314518167101657
0.09406532181204909
0.09390745412345995
0.09358652796924423
0.093595789735799
0.09416310848195318
0.09352641104879775
0.09342370888729787
0.09341791608018579
