0.6762467616580311
0.8044598040803109
0.8446101845854922
0.8631496923575129
0.873583225388601
0.8840015786917098
0.8890564281088082
0.8950018215673575
0.8997884957901554
0.9036492066062176
0.9073277606865285
0.9105812823834197
0.9127469235751295
0.9159700858160622
0.9182824643782384
0.9181458468264249
0.9216118847150259
0.9235801894430051
0.925983646373057
0.926221462111399
0.9273700615284974
0.9340997409326425
0.9355418150906736
0.9366448753238342
0.936892810880829
0.9373229031735751
0.9376922765544041
0.937393741904145
0.937940212111399
0.939119170984456
0.9392608484455959
0.9406523235103627
0.9408294203367875
0.9416288860103627
0.9420690981217616
0.9438198267487047
0.9431519187176166
0.9439615042098446
0.9444067762305699
0.944978545984456
0.9455756152849741
0.947599579015544
0.9504483079663213
0.9498714783031088
0.9491479112694301
0.9501143539507773
0.9500586949481865
0.950635524611399
0.9516070272020726
0.9508278011658031
0.9518094235751295
0.9515918474740933
0.9524975712435233
0.9512933128238342
0.9531452396373057
0.9525582901554405
0.952755626619171
0.9531098202720207
0.952624068976684
0.9539750647668394
0.9542331201424871
0.9553564200129534
0.9558269915803109
0.9554576181994818
0.956221664507772
0.9568035540803109
0.9560597474093264
0.9566416369818653
0.9567225955310881
0.9566163374352331
0.956661876619171
0.9572893053756477
0.9565758581606217
0.9566264572538861
0.9572032869170984
0.9567428351683938
0.9568440333549223
0.957734577396373
0.9574815819300518
0.9570970288212435
0.9584126052461139
0.9586807804404145
0.9590248542746114
0.9588578772668394
0.9593436285621761
0.9592677299222798
0.9592424303756477
0.9598243199481865
0.9591665317357513
0.9592424303756477
0.9599457577720207
0.9595612046632125
0.9597990204015544
0.9597130019430051
0.9598698591321243
0.9598749190414507
0.9602746518782384
0.9602645320595855
0.9600924951424871
0.9596522830310881
0.9599305780440415
0.9606288455310881
0.9597534812176166
0.960294891515544
0.9604062095207254
0.9605124676165803
0.9602898316062176
0.9598091402202072
0.960330310880829
0.9607199238989638
0.9608717211787565
0.9602189928756477
0.9610538779145078
0.9602797117875648
0.960294891515544
0.9615396292098446
0.9610994170984456
0.9612916936528497
0.9611449562823834
0.9612309747409327
0.961413131476684
0.9618938228626943
0.9613321729274611
0.9617774449481865
0.9622631962435233
0.9618887629533679
0.961306873380829
0.9617774449481865
0.9615295093911918
0.9609678594559585
0.9616256476683938
0.9615092697538861
0.9612360346502591
