0.7105327072538861
0.7858292179404145
0.8066456849093264
0.8197710897020726
0.833281047603627
0.8424900825777202
0.8532626295336787
0.861434383095855
0.8684069381476683
0.875703327396373
0.8812338082901554
0.8864758743523317
0.8893397830310881
0.8931296551165803
0.8970713244818653
0.8999908921632125
0.9029306994818653
0.9057187095207254
0.9066800922927462
0.909012710492228
0.9108241580310881
0.9177056347150259
0.920291248380829
0.9216169446243523
0.9216827234455959
0.9226592859455959
0.9236358484455959
0.9238382448186528
0.9257255909974094
0.925341037888601
0.9269146696891192
0.9274105408031088
0.927628116904145
0.9285642001295337
0.9295761819948186
0.9300619332901554
0.9307905602331606
0.9311245142487047
0.9325969478626943
0.9326121275906736
0.9330219802461139
0.936417179404145
0.9386232998704663
0.9388003966968912
0.9380768296632125
0.9383804242227979
0.9393013277202072
0.9385474012305699
0.9401615123056994
0.9404752266839378
0.9402728303108808
0.9403335492227979
0.939989475388601
0.9409710977979274
0.9414619090025906
0.942585208873057
0.9413252914507773
0.9418312823834197
0.9423119737694301
0.9431519187176166
0.9433441952720207
0.9449077072538861
0.9449330068005182
0.9459399287564767
0.9459804080310881
0.9462789426813472
0.9466938552461139
0.9472251457253886
0.9464610994170984
0.9458033112046632
0.9472150259067358
0.9472251457253886
0.9472049060880829
0.9480195514896373
0.9480094316709845
0.9467343345207254
0.9479385929404145
0.9480499109455959
0.9474123623704663
0.9481612289507773
0.9493705472797928
0.9497045012953368
0.9486773397020726
0.9495577639248705
0.9504736075129534
0.9503116904145078
0.9501953125
0.9500688147668394
0.949658962111399
0.9500030359455959
0.9503673494170984
0.9496184828367875
0.9495324643782384
0.9504078286917098
0.9508632205310881
0.9501092940414507
0.9509897182642487
0.950301570595855
0.9504128886010362
0.9512174141839378
0.9514096907383419
0.9513894511010362
0.9509644187176166
0.9511870547279793
0.9517284650259067
0.9524520320595855
0.9522293960492227
0.9522445757772021
0.9515513681994818
0.9522648154145078
0.9521332577720207
0.9522648154145078
0.9519662807642487
0.9521383176813472
0.9520775987694301
0.9523407140544041
0.952421672603627
0.9524722716968912
0.9522597555051814
0.9522192762305699
0.9521990365932642
0.9524317924222798
0.9529529630829016
0.9527404468911918
0.9524166126943006
0.9529377833549223
0.9528416450777202
0.9528922441709845
0.9532666774611399
0.9526594883419689
0.9524975712435233
0.9529175437176166
0.9525380505181347
0.9530491013601037
0.9532565576424871
0.9529327234455959
0.9522344559585493
0.9534134148316062
0.9531806590025906
0.9526949077072538
0.9524368523316062
0.9528669446243523
0.9536917098445595
0.9534134148316062
0.9520775987694301
0.9535196729274611
0.953625931023316
0.9529124838082902
0.9528821243523317
0.9530086220854922
0.9530136819948186
0.9537372490284974
0.9533324562823834
0.9532565576424871
0.9527455068005182
0.953732189119171
0.9536158112046632
0.9533375161917098
0.9534994332901554
0.9526139491580311
0.9532160783678757
0.953565212111399
0.9532970369170984
0.9527303270725389
0.9528315252590673
0.9535196729274611
0.9539548251295337
0.9531958387305699
0.9536158112046632
0.953732189119171
0.9532514977331606
0.9537929080310881
0.9543950372409327
0.9528416450777202
0.9530136819948186
0.9533779954663213
0.9533223364637305
0.9536158112046632
0.9537625485751295
0.9535348526554405
0.9536512305699482
0.952851764896373
0.953995304404145
0.9534791936528497
0.9531047603626943
0.9535297927461139
0.9521990365932642
0.953625931023316
0.9537625485751295
0.9530997004533679
0.9536866499352331
0.9537929080310881
0.9534994332901554
0.9537372490284974
0.9537068895725389
0.9536512305699482
0.9534538941062176
0.9529732027202072
0.9528264653497409
0.9533476360103627
