0.6820312596355695
0.5069771551097613
0.4592687393408365
0.42560804986583134
0.39373223846440486
0.37072417402514524
0.34367352183618693
0.32471762281007716
0.3092078873839403
0.29505171059326807
0.28202862095647524
0.27106885195087277
0.2632648940222251
0.25392259109205534
0.24608310640167078
0.238856110239276
0.23231366647339854
0.22601330859364624
0.2240223958702285
0.21724213327768552
0.21432999000339312
0.19678625394952112
0.19142704476346623
0.18864519979051975
0.18878045956087855
0.18493428610149443
0.18469990118179913
0.1824046376455633
0.17855627626335066
0.17842066627709977
0.1752713827580368
0.17468439397725416
0.17294170935228081
0.17156567420675348
0.1703305074588005
0.1681273596583253
0.16667518838081952
0.16477483256184375
0.1622806668204347
0.1632095975270543
0.1626394486797906
0.15345854775430007
0.14916445322604996
0.1482808142900467
0.14886554353749815
0.14807222771984307
0.14662047954266552
0.14781281537342567
0.144488428502194
0.14463329492764151
0.1447396134774302
0.14324467355105544
0.1439248933770496
0.14276816097565884
0.14113201953740936
0.13987550652860978
0.14148600291402846
0.14026158268278743
0.13882583839133614
0.1367242819595831
0.13673444856633793
0.1335034764569658
0.13226908649959712
0.13094565986506063
0.1307984014558051
0.13019683258366707
0.12996401313518613
0.12906059981782203
0.12921269956030376
0.13029916356727866
0.12724663934868236
0.12814980390158343
0.12849479755434964
0.12729741188991872
0.1267526506065087
0.12805601989203785
0.12702495647217943
0.12627303785610694
0.12699792564996165
0.12484260158217633
0.12353505827293494
0.12333561356512376
0.1234396174164016
0.12179035959774966
0.12087271489936453
0.12097785509929755
0.1211285547502918
0.1207148025072918
0.12108330633201747
0.1214588243186165
0.12086391479857846
0.12125511961588588
0.12215742727481022
0.11987550610705361
0.11967494782697352
0.12040440421647976
0.11890272425555194
0.12052446171409725
0.11967002252995042
0.11876960793616241
0.11790377816542442
0.11730340937721914
0.11855297296312807
0.11863562194485738
0.11687835325231206
0.11593964329192058
0.11659208997852444
0.11645676805565394
0.11742175714030785
0.11548038297984267
0.11683908328800004
0.11592243743066342
0.11705208990549176
0.11581428356738906
0.1160892729546122
0.1157903440412462
0.11576933934898574
0.11517438358130233
0.11548969952553666
0.11497915725325056
0.11468842714407283
0.11510289070519758
0.1140783014924415
0.11479253426116982
0.11557365127795718
0.11420083177213224
0.1145865414967191
0.11422697176741813
0.11359042319145846
0.1147759933159759
0.11449011314872633
0.11405530012178915
0.11440505353743548
0.11481632666729892
0.11353691759968051
0.11393248150848971
0.11459474705661517
0.11423833594884279
0.1135067198946686
0.11481636164256329
0.1149486704811531
0.11328654859813383
0.11241796616599968
0.11305007010389487
0.11451807324750436
0.11367616767710355
0.11336429895823484
0.11376948311075645
0.1135925429009403
0.11333864336649989
0.11324128192014644
0.11321134394314622
0.11374484272818491
0.11325259877301251
0.11428671712393587
0.11319925701679961
0.11202334905998694
0.11248293970687402
0.1133207119036215
0.11380854855084048
0.11317237651873129
0.11339108379548078
0.11300396598836919
0.11416296919547214
0.1136538935294423
0.11259178558625088
0.11163102391470281
0.11254340406372139
0.11273583657846549
0.11217779731812255
0.11337615205988365
0.11243703795374983
0.11139972704834271
0.11340301441405104
0.1130621027915589
0.11309509183921962
0.11268346525072434
0.11195120203834741
0.1126541747407592
0.11163703838623867
0.11234308856447743
0.11357753059870221
0.11138301508723146
0.11290047055235798
0.11245119980888663
0.11268845061564074
0.11474477380050896
0.11288544701634294
0.11151208720831056
0.11311240965220595
0.11149490651689045
0.11208524848358618
0.11236756183014014
0.11182907899272257
0.11199637680010474
0.11238960585909186
0.11289564419750105
0.11303210088626091
0.11286332064496421
0.11296819080960566
